ADABOOST

-------------------------------------------------------------------------

stumps 3
Accuracy is: 60.12 %
Total Time:  7.56 min
Confusion Matrix

               0              90             180            270
0              132            41             39             27
90             34             152            17             21
180            27             33             138            38
270            35             38             26             145

-------------------------------------------------------------------------

stumps 5
Accuracy is: 64.89 %
Total Time: 15.02 min
Confusion Matrix

               0              90             180            270
0              156            31             29             23
90             37             139            20             28
180            27             31             158            20
270            33             24             28             159

-------------------------------------------------------------------------

stumps 8
Accuracy is: 66.70 %
Total Time: 21.68min
Confusion Matrix

               0              90             180            270
0              139            44             31             25
90             18             162            16             28
180            20             41             154            21
270            20             36             14             174

-------------------------------------------------------------------------

stumps 9
Accuracy is: 66.80 %
Total Time: 28.25 min
Confusion Matrix

               0              90             180            270
0              161            27             34             17
90             31             153            19             21
180            30             29             158            19
270            32             28             26             158

-------------------------------------------------------------------------

NEURAL NETWORK

-------------------------------------------------------------------------
Alpha:  0.1
Iteration:  3
Hidden Layer nodes:  1
Accuracy : 25.87 %
Confusion Matrix

               0              90             180            270
0              0              0              0              239
90             0              0              0              224
180            0              0              0              236
270            0              0              0              244

-------------------------------------------------------------------------

Alpha:  0.1
Iteration:  3
Hidden Layer nodes:  10
Accuracy: 73.06 %
Confusion Matrix

               0              90             180            270
0              171            18             31             19
90             12             168            19             25
180            30             22             167            17
270            14             28             19             183

-------------------------------------------------------------------------

Alpha:  0.1
Iteration:  3
Hidden Layer nodes:  100
Accuracy: 74.01 %
Confusion Matrix

               0              90             180            270
0              172            17             35             15
90             9              171            16             28
180            30             19             175            12
270            17             27             20             180

-------------------------------------------------------------------------

Alpha:  0.1
Iteration:  3
Hidden Layer nodes:  120
Accuracy: 73.48 %
Confusion Matrix

               0              90             180            270
0              173            17             29             20
90             8              172            17             27
180            37             19             164            16
270            19             29             12             184

-------------------------------------------------------------------------

NEAREST NEIGHBOR

-------------------------------------------------------------------------

Accuracy is: 67.23 %
Time: 26.88 min
Confusion Matrix

               0              90             180            270
0              155            19             38             20
90             24             154            28             33
180            36             19             154            20
270            24             32             16             171

-------------------------------------------------------------------------
